$ANSIBLE_VAULT;1.1;AES256
64346632633362326535316430316536336138613962396437636537376561383730346564306162
3932323566306137393866353630663466326434313131620a373737656431373830646366386231
36363039383737326363633436633737663430353338636266663830346564623337396237633038
3663633735623630640a363030613530316638373536303663383466346531336466326665666432
39316536656465366436373731393331343832363439333537333235623336396435646631313365
66633762393433643533646434343937353436653836616236353262653263313436366364633131
35663536346238636163393463623236326134643464383131643638313135613130396330313437
65633234306262393162363835653636343266333736373564313937636138333831636332653861
35336138343764313839633036356134643162616464666635383262353230636234333562353465
35316362633436363863353435373864313933366136663432626137393966396135393562613264
38343335393064343236613962376633663533663931393766613334363330336133626266363931
35643531646332353435336464386664653963393936366539393531653439363662393532663337
65343363343331643037363666623337386137323864626337346435633162396234653334613433
64643833396662616639363437396233356333663932396164643066383239323761356337633435
62343934666165653766396234656638363939336135336564383861616132656334633135626637
32646130616238616330326639353636393761656630366661393563376564636634353264623336
38653032643665333962633637373565666365366531353132653437643339333966313964646134
39613637653532633763396164666330613937656566653839363234316332386537643666643931
62356337323761616466646565326434346631633965376535393133623436346362373232383233
35333732323366343334353036386465643539373264643562373334356263653738393439316138
36636532326163633163343939633933396463376137336232363233366237623161393864383935
31343363393932633535376537366136326139663936633937313530336466393063376330353566
37643230613533353366316237383831323633623233653534633561373766376233353734333361
37653065643239613264653666616435666365626137666166393833343939346133333437353232
62386366363633623238393233366662623032323436383539656662306638323039356630626636
35316239303133303832353934393834323137633635343439353264633861343934306630643863
65373963383032316538636561346539626661346463646665306136663431663064393532333861
61386135376534643765316137383861346266366461646431636531623338356362343934316338
31613235653932336234306336333862326233623831323232656465313330333031363633313235
61636131356138643037663036663234653662313463316161646430663037663136383937313737
62323565646265333162316139666432633638366636633533303930373232663663613035316335
64376464323963323830316238383266633937373731343433333963666163323333316630396265
34626133383438343932313963653533663231363836343038376361393333373666303630326261
34346439613162366565386364636639636635336634363063343861396230643030653936646365
62303634333237613262363930303834633062313766326362363539383735656630383361623563
66393435396235343332643534393739396432366166333238383830656366363766323462666662
64313335316266373232346532396335373261346262616636623361376438396461373635346338
65323335353864316263636336313534393164396665616365386361313732323433393463383036
34613662393135616662646536646461303763663931373639366235643733376231636530383338
38323035303733326466643738316163663162376566353535306636366663346630373035316237
61336236393937333266383464663361346135376431393932333665363765643233373938626435
36663731303666383734623437366431323732613936343335363436623434616362383534653238
356438656561656334666665643062313864
